Reference 12 DFT
0.9          2.595996
1.1          -2.594781
1.2          -3.540456
1.25        -3.783159
1.3          -3.915459
1.35767   -3.962439
1.38        -3.95631
1.4          -3.941163
1.5          -3.758535
1.8          -2.700486
2.5		-0.27622
15		0

Structure 12 MD
Step 0
Box 100.0000   100.0000    100.0000
Atoms 3  2  0
H     2.94          11.34637    10.000
H     3.9             10.000       10.000
S      3.000        10.000       10.000
Step 1
Box 100.0000   100.0000    100.0000
Atoms 3  2  0
H     2.94          11.34637    10.000
H     4.1             10.000       10.000
S      3.000        10.000       10.000
Step 2
Box 100.0000   100.0000    100.0000
Atoms 3  2  0
H     2.94          11.34637    10.000
H     4.2             10.000       10.000
S      3.000        10.000       10.000
Step 3
Box 100.0000   100.0000    100.0000
Atoms 3  2  0
H     2.94          11.34637    10.000
H     4.25             10.000       10.000
S      3.000        10.000       10.000
Step 4
Box 100.0000   100.0000    100.0000
Atoms 3  2  0
H     2.94          11.34637    10.000
H     4.3             10.000       10.000
S      3.000        10.000       10.000
Step 5
Box 100.0000   100.0000    100.0000
Atoms 3  2  0
H     2.94          11.34637    10.000
H     4.35767             10.000       10.000
S      3.000        10.000       10.000
Step 6
Box 100.0000   100.0000    100.0000
Atoms 3  2  0
H     2.94          11.34637    10.000
H     4.38             10.000       10.000
S      3.000        10.000       10.000
Step 7
Box 100.0000   100.0000    100.0000
Atoms 3  2  0
H     2.94          11.34637    10.000
H     4.4             10.000       10.000
S      3.000        10.000       10.000
Step 8
Box 100.0000   100.0000    100.0000
Atoms 3  2  0
H     2.94          11.34637    10.000
H     4.5             10.000       10.000
S      3.000        10.000       10.000
Step 9
Box 100.0000   100.0000    100.0000
Atoms 3  2  0
H     2.94          11.34637    10.000
H     4.8             10.000       10.000
S      3.000        10.000       10.000
Step 10
Box 100.0000   100.0000    100.0000
Atoms 3  2  0
H     2.94          11.34637    10.000
H     5.5             10.000       10.000
S      3.000        10.000       10.000
Step 11
Box 100.0000   100.0000    100.0000
Atoms 3  2  0
H     2.94          11.34637    10.000
H     18.000             10.000       10.000
S      3.000        10.000       10.000