Reference 18 DFT
60	1.219161972
70	0.64080492
75	0.420237418
80	0.24696159
85	0.120514862
90	0.039754394
95	0.002911513
96.86708	0
98	0.001033995
100	0.007891016
105	0.05240723
110	0.134201693
115	0.251070361
120	0.400863613
130	0.78978186
140	1.279106483
150	1.835477532
160	2.399113758

Structure 18 MD
Step 0
Box 100.0000 100.0000 100.0000
Atoms 6 3 0
 C                  0.04175779    1.13240163    0.00000000
 H                  1.09860489    1.43563828    0.00000000
 H                 -0.44134035    1.53356944    0.90224517
 H                 -0.44134035    1.53356944   -0.90224517
 S                  0.04175779   -0.70449146    0.00000000
 H                 -1.13459566   -0.02532348    0.00000000
Step 1
Box 100.0000 100.0000 100.0000
Atoms 6 3 0
 C                  0.04560644    1.14065516    0.00000000
 H                  1.10245362    1.44389183    0.00000000
 H                 -0.43749173    1.54182300    0.90224524
 H                 -0.43749173    1.54182300   -0.90224524
 S                  0.04560644   -0.69623806    0.00000000
 H                 -1.23081193   -0.23165977    0.00000000
Step 2
Box 100.0000 100.0000 100.0000
Atoms 6 3 0
 C                  0.04697697    1.14500197    0.00000000
 H                  1.10382422    1.44823866    0.00000000
 H                 -0.43612124    1.54616984    0.90224530
 H                 -0.43612124    1.54616984   -0.90224530
 S                  0.04697697   -0.69189138    0.00000000
 H                 -1.26507501   -0.34032811    0.00000000
Step 3
Box 100.0000 100.0000 100.0000
Atoms 6 3 0
 C                  0.04796343    1.14945169    0.00000000
 H                  1.10481076    1.45268841    0.00000000
 H                 -0.43513481    1.55061959    0.90224536
 H                 -0.43513481    1.55061959   -0.90224536
 S                  0.04796343   -0.68744179    0.00000000
 H                 -1.28973664   -0.45156917    0.00000000
Step 4
Box 100.0000 100.0000 100.0000
Atoms 6 3 0
 C                  0.04855833    1.15397046    0.00000000
 H                  1.10540574    1.45720720    0.00000000
 H                 -0.43453994    1.55513839    0.90224543
 H                 -0.43453994    1.55513839   -0.90224543
 S                  0.04855833   -0.68292315    0.00000000
 H                 -1.30460914   -0.56453633    0.00000000
Step 5
Box 100.0000 100.0000 100.0000
Atoms 6 3 0
 C                  0.04875714    1.15852388    0.00000000
 H                  1.10560462    1.46176065    0.00000000
 H                 -0.43434117    1.55969184    0.90224550
 H                 -0.43434117    1.55969184   -0.90224550
 S                  0.04875714   -0.67836986    0.00000000
 H                 -1.30957931   -0.67836986    0.00000000
Step 6
Box 100.0000 100.0000 100.0000
Atoms 6 3 0
 C                  0.04855834    1.16307731    0.00000000
 H                  1.10540590    1.46631409    0.00000000
 H                 -0.43454001    1.56424529    0.90224556
 H                 -0.43454001    1.56424529   -0.90224556
 S                  0.04855834   -0.67381657    0.00000000
 H                 -1.30460933   -0.79220340    0.00000000
Step 7
Box 100.0000 100.0000 100.0000
Atoms 6 3 0
 C                 -1.16560493    0.01987740    0.00000000
 H                 -1.53018145   -1.01740851   -0.00000010
 H                 -1.53780802    0.52562854   -0.90224511
 H                 -1.53780805    0.52562838    0.90224520
 S                  0.66813870   -0.08764034   -0.00000000
 H                  0.90920792    1.24913262    0.00000000
Step 8
Box 100.0000 100.0000 100.0000
Atoms 6 3 0
 C                  0.04824871    1.16579497    0.00000000
 H                  1.10509635    1.46903177    0.00000000
 H                 -0.43484967    1.56696298    0.90224563
 H                 -0.43484967    1.56696298   -0.90224563
 S                  0.04824871   -0.67109904    0.00000000
 H                 -1.29686869   -0.86014296    0.00000000
Step 9
Box 100.0000 100.0000 100.0000
Atoms 6 3 0
 C                  0.04796345    1.16759616    0.00000000
 H                  1.10481116    1.47083298    0.00000000
 H                 -0.43513497    1.56876420    0.90224570
 H                 -0.43513497    1.56876420   -0.90224570
 S                  0.04796345   -0.66929798    0.00000000
 H                 -1.28973710   -0.90517068    0.00000000
Step 10
Box 100.0000 100.0000 100.0000
Atoms 6 3 0
 C                  0.04697699    1.17204589    0.00000000
 H                  1.10382478    1.47528273    0.00000000
 H                 -0.43612146    1.57321396    0.90224576
 H                 -0.43612146    1.57321396   -0.90224576
 S                  0.04697699   -0.66484838    0.00000000
 H                 -1.26507563   -1.01641183    0.00000000
Step 11
Box 100.0000 100.0000 100.0000
Atoms 6 3 0
 C                  0.04560647    1.17639271    0.00000000
 H                  1.10245434    1.47962957    0.00000000
 H                 -0.43749201    1.57756080    0.90224582
 H                 -0.43749201    1.57756080   -0.90224582
 S                  0.04560647   -0.66050170    0.00000000
 H                 -1.23081271   -1.12508029    0.00000000
Step 12
Box 100.0000 100.0000 100.0000
Atoms 6 3 0
 C                  0.04386233    1.18060354    0.00000000
 H                  1.10071027    1.48384042    0.00000000
 H                 -0.43923619    1.58177166    0.90224589
 H                 -0.43923619    1.58177166   -0.90224589
 S                  0.04386233   -0.65629100    0.00000000
 H                 -1.18720909   -1.23034902    0.00000000
Step 13
Box 100.0000 100.0000 100.0000
Atoms 6 3 0
  C                  0.04175783    1.18464634    0.00000000
 H                  1.09860585    1.48788324    0.00000000
 H                 -0.44134073    1.58581449    0.90224596
 H                 -0.44134073    1.58581449   -0.90224596
 S                  0.04175783   -0.65224834    0.00000000
 H                 -1.13459662   -1.33141689    0.00000000
Step 14
Box 100.0000 100.0000 100.0000
Atoms 6 3 0
 C                  0.03653445    1.19210619    0.00000000
 H                  1.09338255    1.49534311    0.00000000
 H                 -0.44656414    1.59327437    0.90224602
 H                 -0.44656414    1.59327437   -0.90224602
 S                  0.03653445   -0.64478862    0.00000000
 H                 -1.00401222   -1.51791095    0.00000000
Step 15
Box 100.0000 100.0000 100.0000
Atoms 6 3 0
 C                  0.03009506    1.19854567    0.00000000
 H                  1.08694323    1.50178261    0.00000000
 H                 -0.45300357    1.59971388    0.90224608
 H                 -0.45300357    1.59971388   -0.90224608
 S                  0.03009506   -0.63834927    0.00000000
 H                 -0.84302734   -1.67889603    0.00000000
Step 16
Box 100.0000 100.0000 100.0000
Atoms 6 3 0
 C                  0.02263530    1.20376914    0.00000000
 H                  1.07948355    1.50700610    0.00000000
 H                 -0.46046337    1.60493737    0.90224615
 H                 -0.46046337    1.60493737   -0.90224615
 S                  0.02263530   -0.63312594    0.00000000
 H                 -0.65653341   -1.80948065    0.00000000
Step 17
Box 100.0000 100.0000 100.0000
Atoms 6 3 0
 C                  0.01438184    1.20761788    0.00000000
 H                  1.07123017    1.51085486    0.00000000
 H                 -0.46871686    1.60878614    0.90224621
 H                 -0.46871686    1.60878614   -0.90224621
 S                  0.01438184   -0.62927733    0.00000000
 H                 -0.45019695   -1.90569708    0.00000000