Reference 18 DFT
1.3	3.816666756
1.4	0.449869543
1.5	-1.541822895
1.6	-2.650401802
1.7	-3.1938207
1.75	-3.321355845
1.8	-3.378688158
1.8265	-3.385817282
1.85	-3.380674517
1.9	-3.339233078
1.95	-3.26391469
2	-3.162474319
2.05	-3.041115935
2.1	-2.904819042
2.3	-2.281047832
2.5	-1.635562723
3	-0.286443881
15	0

Structure 18 MD
Step 0
Box 100.0000 100.0000 100.0000
Atoms 9 3 0
S       9.74332403      9.47514676      10.00000358
C       11.40276686     10.23834381     10.00001369
C       9.01346102      10.55092565     9.99999993 
H       12.13341002     9.4163315       9.99957055 
H       11.55775778     10.85339204     9.09930292 
H       11.55809046     10.85276032     10.90106127
H       7.96315355      10.22496196     9.99957228
H       9.19889468      11.15743329     9.09927532
H       9.19814174      11.15715602     10.90107873
Step 1
Box 100.0000 100.0000 100.0000
Atoms 9 3 0
S       9.78630179      9.44165255      10.00000365
C       11.40478795     10.28824711     10.00001376
C       8.94239947      10.55871529     9.99999972
H       12.17628623     9.50445255      9.99957062
H       11.52830229     10.91038106     9.09930306
H       11.52866666     10.90976706     10.90106128
H       7.91002663      10.17976377     9.99957207
H       9.09675147      11.17386776     9.09927518
H       9.09601361      11.17355258      10.90107846
Step 2
Box 100.0000 100.0000 100.0000
Atoms 9 3 0
S       9.83282982      9.4109846       10.00000373
C       11.40483085     10.34105195     10.00001384
C       8.8673013       10.5589197      9.99999951
H       12.21625808     9.5986728       9.9995707
H       11.49564421     10.96879276     9.09930411
H       11.4960402      10.96819864     10.90106039
H       7.85615763      10.12650345     9.99957186
H       8.98927517       11.18130111     9.09927593
H       8.98855477      11.1809478      10.90107728
Step 3
Box 100.0000 100.0000 100.0000
Atoms 9 3 0
S       9.88221497      9.38365606      10.0000038
C       11.40296928     10.39534739     10.00001391
C       8.78916455      10.55209139     9.9999993
H       12.25242541     9.69680218      9.99957077
H       11.46054465     11.02700452     9.09930412
H       11.46097143     11.02643211     10.90106053
H       7.80223717      10.06694207     9.99957165
H       8.87813975      11.1800402      9.09927566
H       8.877439        11.17964939     10.90107714
Step 4
Box 100.0000 100.0000 100.0000
Atoms 9 3 0
S       9.93358861      9.35999043      10.00000388
C       11.39950715     10.44962173     10.00001399
C       8.70905319      10.53919077     9.9999991
H       12.28424068     9.79633169      9.99957085
H       11.42405929     11.0834221      9.09930413
H       11.42451534     11.08287272     10.90106067
H       7.74877259      10.00322729     9.99957145
H       8.76515582      11.17092557     9.09927539
H       8.76447641      11.17049873     10.90107699
Step 5
Box 100.0000 100.0000 100.0000
Atoms 9 3 0
S       9.95972779      9.34956847      10.00000391
C       11.39732737     10.4762989      10.00001402
C       8.66857299      10.53084731     9.99999899
H       12.29846393     9.84582737      9.99957088
H       11.40567765     11.11051972     9.0993041
H       11.40614759     11.10998217     10.90106077
H       7.72229988      9.97052323      9.99957134
H       8.70851624      11.16380936     9.09927522
H       8.70784796      11.1633653      10.90107695
Step 6
Box 100.0000 100.0000 100.0000
Atoms 9 3 0
S       9.98601466      9.34007721      10.00000395
C       11.39494712     10.50245573     10.00001406
C       8.62795859      10.521468       9.99999889
H       12.31158984     9.89474878      9.99957092
H       11.38741218     11.13668681     9.09930407
H       11.38789543     11.1361612      10.90106087
H       7.69601422      9.93762237      9.99957124
H       8.65203824      11.15523187     9.09927505
H       8.65138129      11.15477121     10.90107691
Step 7
Box 100.0000 100.0000 100.0000
Atoms 9 3 0
S       10.00003037     10.66458341     10.00000397
C       8.60636906      9.48393943      10.00001408
C       11.39358822     9.48386406      9.99999884
H       7.68188342      10.07964664     9.99957094
H       8.6221702       8.84986069      9.09930442
H       8.62168013      8.85037995      10.90106057
H       12.317843      10.07980724     9.99957118
H       11.37777136     8.84984039      9.09927532
H       11.37842226     8.85030957      10.90107654
Step 8
Box 100.0000 100.0000 100.0000
Atoms 9 3 0
S       10.0123415      9.33149243      10.00000399
C       11.3924462      10.52795639     10.0000141
C       8.58730485      10.51122591     9.99999879
H       12.3236668      9.94283248      9.99957096
H       11.36941371     11.16181394     9.09930404
H       11.36990966     11.1613003      10.90106097
H       7.6699072       9.90477908      9.99957114
H       8.59588892      11.14538901     9.09927488
H       8.59524343      11.14491243     10.90107687
Step 9
Box 100.0000 100.0000 100.0000
Atoms 9 3 0
S       10.03861002     9.32377867      10.00000403
C       11.38990519     10.55268747     10.00001414
C       8.54669162      10.50029047     9.99999869
H       12.33476186     9.98984838      9.999571
H       11.35182284     11.18581912     9.09930401
H       11.35233085     11.1853174      10.90106107
H       7.643958        9.87222328      9.99957104
H       8.54020967      11.13447859     9.09927471
H       8.53957568      11.13398681     10.90107683
Step 10
Box 100.0000 100.0000 100.0000
Atoms 9 3 0
S       10.06473322     9.31689143      10.00000406
C       11.38740245     10.57655886     10.00001417
C       8.50618359      10.488823       9.99999858
H       12.34495612      10.0356031      9.99957103
H       11.33476632     11.20864701     9.09930398
H       11.33528574     11.20815712     10.90106117
H       7.61813614      9.84015646      9.99957093
H       8.48511519      11.12269424     9.09927454
H       8.48449268      11.12218801     10.90107679
Step 11
Box 100.0000 100.0000 100.0000
Atoms 9 3 0
S       10.09063642     9.31077959      10.0000041
C       11.3850118      10.59950328     10.00001421
C       8.46583092      10.47697325     9.99999848
H       12.35434012     10.07994101     9.99957107
H       11.31835464      11.230267       9.09930396
H       11.3188848      11.22978877     10.90106128
H       7.59240439      9.8087496       9.99957083
H       8.43069412      11.11022051     9.09927438
H       8.430083        11.10970058     10.90107675
Step 12
Box 100.0000 100.0000 100.0000
Atoms 9 3 0
S       10.11625756     9.30538766      10.00000414
C       11.38280051     10.62147498     10.00001425
C       8.42567037      10.46487701     9.99999838
H       12.36300941     10.12274359     9.99957111
H       11.30268062     11.25067044     9.09930393
H       11.30322087     11.25020363     10.90106138
H       7.56672157      9.77814279      9.99957073
H       8.37701058      11.09722894     9.09927421
H       8.37641071      11.09669607     10.90107671
Step 13
Box 100.0000 100.0000 100.0000
Atoms 9 3 0
S       10.141547       9.30065796      10.00000417
C       11.3808281      10.64244771     10.00001428
C       8.38572691      10.45265466     9.99999827
H       12.37106078     10.16392718     9.99957114
H       11.28781905     11.26986741     9.0993039
H       11.28836876      11.26941179     10.90106148
H       7.54104499      9.74844619      9.99957062
H       8.32410659      11.08387549     9.09927404
H       8.32351777      11.08333044     10.90107667
Step 14
Box 100.0000 100.0000 100.0000
Atoms 9 3 0
S       10.23877796     9.28722079      10.00000433
C       11.37622002     10.71636158      10.00001444
C       8.22830763      10.40436438     9.99999786
H       12.39890762     10.31182122     9.9995713
H       11.23740539     11.33526118     9.09930398
H       11.23798706     11.33484714     10.90106169
H       7.43759778      9.64005083      9.99957021
H       8.12051802      11.02935899     9.09927356
H       8.11997081      11.02877219     10.90107632
Step 15
Box 100.0000 100.0000 100.0000
Atoms 9 3 0
S       10.32925531     9.28012513      10.00000447
C       11.3780597      10.77552714     10.00001458
C       8.07443441      10.3598397      9.99999744
H       12.42336946     10.43366409     9.99957144
H       11.20201881     11.38488404     9.09930413
H       11.20262449     11.38450598     10.90106184
H       7.33146333      9.54904302      9.99956979
H       7.92899248      10.97715931     9.09927315
H       7.9284818       10.97654045     10.90107591
Step 16
Box 100.0000 100.0000 100.0000
Atoms 9 3 0
S       10.52980255     9.27587168      10.00000484
C       11.41123736     10.87564995     10.00001495
C       7.70007998      10.2722007      9.99999641
H       12.4873161      10.64849941     9.99957181
H       11.17051405     11.46247063     9.0993045
H       11.17115696     11.4621601      10.90106221
H       7.04887198      9.38601482      9.99956876
H       7.48891856      10.87023725     9.09927212
H       7.48847761      10.86956693     10.90107488
Step 17
Box 100.0000 100.0000 100.0000
Atoms 9 3 0
 S                 -5.02543804    4.92251059    0.00002249
 C                 -6.41909935    3.74186661    0.00003260
 C                  6.41905663   -4.77406312   -0.00001968
 H                 -7.34358499    4.33757381   -0.00041054
 H                 -6.40329821    3.10778786   -0.90067706
 H                 -6.40378828    3.10830712    0.90107909
 H                  7.34331140   -4.17811994   -0.00044734
 H                  6.40323978   -5.40808679   -0.90074320
 H                  6.40389067   -5.40761761    0.90105802

